n=6;

xr0=[1 0 1 0 1 0 1 0];
%xr0=[1 0 0 0 0 0 0 0];
% topology=[-2  1  0  0  1,
%            1 -2  1  0  0,
%            0  1 -2  1  0,
%            0  0  1 -2  1,
%            1  0  0  1 -2];
topology=[-2  1  0  0  0  1,
           1 -2  1  0  0  0,
           0  1 -2  1  0  0,
           0  0  1 -2  1  0,
           0  0  0  1 -2  1,
           1  0  0  0  1 -2];
x0=rand(8*6,1)+10;
